zagedan.asc
DSAA
248 117
4554392.48137608450000000 4573272.42736252300000000
5379494.14634304770000000 5388360.84162412770000000
1745.85 3165.82             
[rows 30 to 59 of 117, columns 67 to 133 of 248]
2637.8 2611.21 2596.48 2590.26 2586.91 2583.26 2577.34 2571.91 2568.89 2569.74 2582.06 2597.47 2622.54 2656.81 2690.12 2723.35 2746.8 2768.43 2790.93 2805.19 2793.81 2785.22 2781.79 2787.6 2797.79 2809.98 2819.62 2829.73 2839.67 2843.92 2845.12 2846.92 2829.94 2818.94 2815.76 2822.02 2845.48 2892.78 2917.89 2936.85 2950.2 2958.75 2966.78 2976.94 2971.95 2963.19 2948.25 2927.45 2905.8 2888.32 2878.89 2873.03 2868.71 2862.46 2855.66 2845.4 2828.81 2802.38 2769.08 2729.6 2688.65 2655.44 2626.02 2597.53 2570.02 2545.58 2524.94
2623.83 2597.42 2579.7 2569.9 2556.23 2543.36 2533.38 2527.36 2523.8 2529.28 2544.81 2564.36 2591.14 2623.2 2654.48 2685.29 2709.65 2723.38 2734.24 2743.13 2735.69 2733.74 2741.51 2754.4 2774.8 2804.41 2837.21 2861.11 2876.2 2890.71 2896.99 2884.37 2867.17 2853.88 2848.56 2852.41 2877.48 2935.53 2944.61 2951.77 2949.75 2952.65 2966.22 2968.77 2963.78 2957.93 2950.39 2936.25 2915.34 2897.35 2885 2875.66 2868.98 2864.43 2861.54 2852.52 2842.83 2807.94 2757.57 2707.38 2672.23 2640.03 2607.79 2578.1 2552.63 2529.42 2507.74
2600.92 2575.18 2554.32 2539.42 2515.44 2495.35 2484.09 2480.01 2480.12 2491.51 2509.56 2533.99 2563.67 2597.05 2626.78 2650.01 2670.67 2673.22 2669.87 2671.04 2668.6 2675.63 2695.59 2717.26 2745.63 2790.99 2858.54 2897.29 2917.52 2941.64 2954.4 2928.36 2896.62 2877.86 2867.91 2867.95 2890.95 2951.09 2948.8 2945.43 2930.59 2929.35 2946.76 2942.8 2937.81 2936.12 2935.09 2928.76 2913.66 2894.09 2877.77 2863.62 2853.27 2848.35 2848.73 2842.38 2841.7 2804.89 2746.61 2692.9 2665.73 2635.58 2598.75 2567.75 2542.57 2519.53 2496.74
2566.17 2540.97 2515.23 2493.29 2468.09 2452.67 2447.14 2449.99 2456.22 2468.43 2484.41 2508.28 2541.15 2580.55 2613.71 2631.11 2640.68 2639.09 2635.88 2638.39 2642 2659.41 2683.93 2710.21 2737.3 2783.6 2901.55 2946.98 2972.84 2996.09 3011.2 2998.22 2919.64 2890.82 2875.05 2869.31 2878.27 2905.69 2906.64 2904.08 2894.61 2891.81 2896.5 2889.85 2886.52 2883.86 2881.38 2884.64 2892.17 2868.38 2849.69 2830.58 2808.06 2791.36 2789.58 2791.8 2794.44 2773.7 2737.44 2700.13 2677.2 2646.71 2609.03 2573.84 2546.11 2525.35 2500.92
2532.45 2507.34 2480.58 2456.25 2436.05 2425.98 2425.67 2432.36 2442.06 2454.96 2469.62 2492.37 2524.91 2563.91 2597.64 2610.56 2611.03 2610.81 2613.13 2622.02 2633.26 2657.42 2686.54 2716 2746.82 2798.88 2917.68 2982.61 3014.13 3031.87 3040.72 3029.21 2941.35 2897.5 2872.45 2859.8 2856.76 2861.08 2862.2 2858.43 2840.5 2824.26 2818.78 2809.3 2801.33 2796.67 2792.01 2813.45 2864.21 2828.5 2811.79 2792.69 2767.83 2745.5 2742.3 2748.58 2754.9 2749.68 2733 2709.24 2686.41 2657.35 2622.93 2587.05 2557.2 2533.66 2509.57
2503.36 2476.16 2451.87 2430.26 2419.06 2413.79 2415.9 2423.87 2434.11 2447.93 2462.42 2484.79 2513.63 2545.91 2576.95 2584.26 2580.34 2584.08 2595.65 2612.45 2633.07 2660.84 2695.6 2726.8 2769.42 2834.59 2904.54 3004.02 3041.09 3049.38 3044.41 3020.36 2964.59 2899.93 2862.49 2842.82 2831.27 2826.46 2823.26 2815.66 2772.43 2731.13 2720.81 2705.84 2690.2 2681.87 2675.21 2722.3 2833.08 2779.15 2767.65 2755.36 2736.34 2717.54 2715.05 2720.21 2732.03 2737.52 2732.17 2715.53 2691.96 2665.6 2635.14 2604.21 2572.63 2542.78 2518.58
2483.14 2459.48 2437.29 2417.23 2410.07 2407.26 2411.36 2421.27 2434.51 2446.99 2462.09 2481.92 2507.45 2534.09 2557.53 2564.18 2565.59 2577.45 2596.42 2618.51 2639.94 2668.19 2703.29 2738.84 2785.77 2845.79 2897.69 2986.82 3013.21 3010.74 2997.67 2974.73 2937.91 2882.43 2829.43 2791.26 2770.96 2763.3 2755.17 2749.5 2720.76 2693.26 2684.77 2672.14 2656 2647.01 2639.18 2667.54 2738.97 2708.59 2703.3 2700.62 2696.84 2694.67 2701.66 2715.67 2727.86 2733.35 2728.8 2713.97 2691.1 2667.66 2645.18 2618.73 2587 2554.42 2526.91
2462.78 2443.32 2425.35 2406.45 2402.33 2403.14 2410.07 2422.77 2438.11 2449.51 2464.57 2481.41 2503.91 2526.99 2543.48 2549.72 2558.1 2576.48 2602.35 2629.19 2650.42 2677.8 2711.31 2750.94 2799.71 2853.27 2898.6 2959.81 2971.53 2959.87 2942.54 2924.64 2901.18 2860.31 2794.59 2739.76 2713.02 2702.52 2691.09 2686.08 2678.66 2671.41 2665.93 2660.64 2648.01 2639.02 2631.03 2633.22 2647.42 2645.83 2645.99 2649.95 2659.72 2674.81 2695.37 2720.43 2730.27 2732.12 2725.69 2710.96 2688.25 2667.72 2654.03 2630.95 2600.15 2567.29 2535.94
2429.8 2417.42 2403.96 2393.35 2394.76 2401.28 2414.43 2431.45 2446.35 2458.26 2471.68 2487.08 2506.59 2526.78 2542.23 2549.17 2558.59 2576.54 2607.17 2643.63 2666.46 2693.48 2722.73 2764.07 2819.81 2878.55 2913.68 2935.72 2935.34 2923.97 2910.17 2895.64 2877.6 2840.04 2779 2725.68 2697.1 2682.78 2669.18 2660.01 2651.85 2646.2 2643.73 2646.43 2644.49 2638.03 2630.05 2627.18 2632.94 2635.96 2634.51 2634.46 2643.78 2665.7 2700.94 2730.53 2739.17 2736.28 2726.95 2711.33 2686.98 2667.67 2657.06 2638.6 2610.55 2578.6 2549.06
2397.08 2394.24 2388.98 2386.45 2393.14 2406.33 2423.7 2441.33 2454.65 2468.31 2482.15 2496.43 2512.94 2530.25 2544.96 2552.9 2563.01 2578.92 2606.94 2642.8 2667.42 2691.86 2717.23 2761.45 2825.13 2889.41 2908.36 2905.73 2897.82 2888.51 2878.8 2865.67 2852.5 2821.06 2770.48 2725.39 2696.57 2676.59 2658.47 2645.16 2634.53 2627.72 2625.74 2630.57 2634.76 2632.97 2628.35 2626.18 2630.44 2630.13 2626.49 2625.46 2633.46 2655.33 2690.48 2721.36 2735.61 2731.26 2718.97 2701.48 2669.45 2654.09 2653.64 2643.61 2620.37 2591.98 2566.26
2368.16 2374.75 2381.63 2388.33 2399.27 2417.49 2436.05 2451.15 2462.13 2480.08 2494.84 2508.78 2522.29 2536.67 2549.8 2560.32 2571.23 2583.95 2601.94 2625.43 2651.71 2670.84 2695.76 2743.95 2814.71 2883.19 2880.56 2869.52 2858.14 2850.86 2844.25 2832.22 2824.14 2802.32 2766.87 2732.28 2703.35 2675.72 2651.78 2634.5 2622.71 2615.74 2612.91 2612.86 2617.85 2621.05 2623.78 2625.98 2625.8 2619.82 2613.31 2614.72 2624.26 2640.23 2661.62 2691.54 2719.98 2715.84 2700.63 2680.3 2635.4 2626.86 2644.73 2646.48 2630.92 2608.29 2585.83
2361.36 2371.95 2383.57 2396.64 2410.62 2430.37 2449.1 2464.62 2476.72 2494.58 2508.65 2521.72 2533.86 2546.09 2557.36 2568.34 2579.37 2591.38 2604.11 2619.58 2642.99 2662.93 2690.25 2738.02 2803.06 2863.55 2865.46 2852.62 2839.08 2829.64 2822.77 2814.31 2812.11 2797.85 2774.11 2747.06 2719.78 2691.69 2664.27 2642.98 2626 2615.67 2611 2609.16 2613.31 2614.78 2615.41 2615.05 2613.22 2607.95 2604.31 2607.06 2617.75 2631 2643.25 2656.35 2670.45 2664.31 2650.23 2631.91 2599.6 2598.41 2617.97 2629.7 2628.69 2620.48 2606.34
2364.37 2376.34 2390.37 2408.42 2425.12 2444.23 2462.98 2478.84 2493.53 2510.38 2523.39 2534.67 2545.76 2556.04 2566.17 2576.36 2587.39 2599.28 2609.54 2619.72 2638.64 2661.35 2689.82 2734.67 2790.76 2840.35 2856.84 2844.63 2829.9 2818.34 2810.57 2805.28 2806.59 2797.72 2783.25 2763.13 2738.68 2712.4 2684.48 2659.18 2637.04 2621.88 2614.37 2611.53 2613.84 2610.64 2606.43 2602.9 2599.22 2597.58 2596.26 2600.86 2610.91 2623.01 2629.05 2624.93 2617.45 2607.98 2595.77 2580.43 2564 2568.49 2585.49 2603.5 2618.93 2628.36 2626.01
2376.29 2391.6 2406.75 2425.55 2442.74 2462.36 2479.47 2494.59 2509.75 2527.19 2539.24 2550.12 2559.4 2568.48 2576.77 2585.12 2594.51 2605.54 2614.71 2624.76 2639.73 2662.79 2688.65 2725.29 2770.12 2816.18 2852.39 2845.28 2832.06 2821.06 2814.79 2809.81 2804.96 2796.12 2786.43 2771.63 2752.72 2732.63 2708.05 2682.96 2659.19 2640.72 2629.36 2621.3 2618.24 2611.72 2605.04 2600.19 2596.19 2593.49 2591.64 2594.04 2603.9 2613.36 2615.12 2606.67 2591.62 2578.22 2562.92 2545.48 2533.03 2535.15 2549.17 2571.21 2599.08 2625.48 2639.4
2394.44 2410.33 2425.49 2442.67 2459.08 2478.88 2496.55 2512.37 2528.22 2544.26 2556.91 2566.97 2575.95 2584.82 2591.96 2599.11 2606.42 2614 2621.42 2631.63 2646.77 2668.9 2691.65 2722.63 2760.65 2803.36 2849.6 2853.25 2841.13 2829.44 2822.67 2818.41 2809.01 2798.4 2791.05 2780.41 2766.65 2751 2729.58 2708.01 2685.77 2666.82 2651.46 2638.25 2627.5 2616.28 2608.44 2602.59 2598.58 2594.74 2590.21 2589.62 2594.44 2600.03 2598.63 2588.98 2572.33 2556.63 2539.03 2521.07 2508.09 2506.32 2518.12 2541.49 2576.07 2616.62 2646.6
2418.35 2431.7 2444.22 2457.92 2473.41 2493.41 2513.77 2532.22 2549.54 2562.26 2576.57 2585.69 2594.73 2604.44 2612.08 2616.57 2621.73 2624.61 2630.17 2641.27 2658.1 2678.4 2699.8 2728.36 2764.56 2804.15 2848.77 2866.54 2855.31 2840.97 2833.19 2827.43 2818.22 2805.66 2798.66 2791.16 2779.89 2769.05 2748.97 2732.24 2715.37 2698.09 2679.58 2661.38 2641.77 2624.71 2614.16 2608.14 2603.29 2599.29 2592.64 2586.55 2583.71 2582.74 2579.1 2569.25 2555.76 2539.85 2521.94 2503.16 2489.18 2483.51 2494.88 2516.75 2552.96 2602.13 2648.61
2438.96 2450.36 2463.2 2476.4 2492.6 2513.61 2537.16 2560.84 2579.07 2589.38 2599.94 2608.18 2618.17 2630.43 2638.09 2640.44 2643.62 2644.88 2648.46 2658.15 2676.06 2696.14 2719.08 2748.9 2783.28 2821.59 2865.65 2883.99 2873.7 2858.02 2847.56 2839.81 2829.09 2817.05 2809.22 2801.33 2790.35 2778.63 2763.73 2746.09 2731.83 2718.25 2701.83 2684.56 2664.45 2643.09 2627 2615.05 2606.63 2599.24 2589.73 2581.03 2575.3 2573.23 2570.95 2561.96 2548.25 2533.99 2517.78 2501.36 2485.67 2474.44 2478.23 2492.18 2527.4 2581.76 2627.69
2458.97 2470.11 2483.15 2497.28 2515.2 2536.63 2564.12 2592.6 2610.83 2618.89 2623.91 2631.33 2643.19 2657.43 2664.27 2666.27 2668.31 2668.52 2670.14 2678.78 2697.68 2718.7 2744.39 2774.48 2808.47 2844.18 2888.17 2904.61 2895.25 2878.5 2864.22 2853.67 2842.67 2830.76 2821.91 2812.19 2800.32 2785.84 2775.18 2755.57 2742.46 2732.88 2720.31 2706.75 2687.64 2663.99 2641.06 2622.11 2607.99 2597.42 2582.39 2572.48 2565.6 2564.35 2564.04 2556.91 2543.93 2530.8 2517.39 2503.15 2485.59 2469.31 2464.24 2470.83 2501.54 2557.25 2599.42
2479.21 2492.98 2509.44 2526.87 2545.19 2568.31 2597.19 2626.36 2644.34 2648.42 2646.18 2652.78 2666.59 2681.8 2687.09 2692.3 2694.15 2693.48 2696.48 2705.87 2726.71 2751.14 2777.19 2805.51 2836.17 2870.6 2913.85 2932.45 2922.35 2903.72 2886.31 2873.65 2861.83 2850.68 2838.29 2825.72 2811.17 2795.38 2781.95 2764.58 2751.63 2742.64 2732.37 2721.95 2703.84 2677.35 2649.99 2625.75 2604.79 2587.81 2569.3 2555 2547.06 2544.27 2544.22 2540.72 2535.45 2527.65 2515.65 2500.08 2484.66 2465.27 2455.52 2460.12 2480.22 2518.47 2573.98
2503.77 2520.48 2539.24 2558.91 2578.9 2603.15 2632.9 2661.15 2677.15 2675.54 2668.04 2672.07 2685.21 2698.07 2702.56 2712.36 2714.33 2716.01 2720.11 2729.7 2751.65 2776.61 2801.89 2831.72 2866.08 2904.57 2949.96 2963.12 2950.31 2928.84 2909.32 2895.51 2882.71 2870.83 2856.98 2841.42 2824.73 2807.08 2791.39 2774.45 2761.5 2752.52 2744.24 2732.55 2714.59 2685.1 2654.6 2627.07 2602.53 2579.43 2557.89 2541.14 2529.66 2524 2521.38 2520.07 2519.48 2515.15 2506.7 2493.43 2481.82 2462.96 2446.9 2445.35 2456.98 2484.56 2548.66
2531.56 2550.4 2571.02 2591.18 2613.95 2639.93 2669.61 2695.09 2707.27 2700.59 2689.02 2689.86 2696.9 2704.57 2710.06 2725.48 2729.19 2733.04 2739.72 2749.23 2769.53 2791.21 2816.58 2852.05 2897.42 2947.5 2996.96 2995.68 2976.61 2953.85 2933.19 2918.34 2902.92 2892.54 2876.82 2859.13 2840.45 2821.63 2803.12 2786.18 2773.22 2763.39 2755.39 2740 2720.32 2687.84 2655.19 2626.37 2600.54 2573.18 2550.31 2532.42 2516.99 2504.95 2498.43 2495.64 2495.58 2493.36 2489.69 2485.28 2478.65 2462.58 2439.03 2424.7 2428.95 2459.09 2523.61
2565 2586.55 2608.36 2630.13 2653.25 2678.45 2704.49 2723.53 2729.43 2720.56 2709.86 2707.61 2710.39 2716.65 2725.51 2740.77 2741.38 2742.95 2747.55 2756.15 2774.44 2794.01 2821.97 2880.47 2945.39 2988.69 3029.42 3019.23 2998.33 2974.57 2952.88 2936.22 2920.34 2908.58 2893.42 2875.45 2857.33 2838.36 2818.58 2802.48 2788.67 2776.97 2765.55 2747.87 2726.19 2694.13 2661.2 2632.24 2605.41 2578.33 2554.48 2533.05 2516.15 2501.43 2490.93 2483.59 2481.74 2481.42 2482.67 2481.46 2473.96 2456.61 2417.04 2396.87 2401.59 2430.81 2498.42
2600.88 2623.76 2647.44 2671.05 2693.97 2716.22 2736.46 2748.5 2747.8 2738.12 2730.7 2725.5 2726.12 2732.49 2744.91 2756.52 2752.29 2749.23 2750.93 2758.48 2774.85 2794.16 2823.39 2906.07 2991.92 3028.39 3054.96 3038.66 3016.75 2991.97 2968.45 2950.7 2936.45 2921.89 2906.91 2891.48 2873.5 2854.52 2834.6 2818.65 2804.68 2790.98 2775.56 2756.74 2732.21 2702 2670.78 2640.97 2613.15 2588.75 2563.09 2539.39 2520.63 2504.75 2490.31 2477.15 2472.38 2473.93 2477.59 2476.73 2465.64 2442.91 2389.93 2368.7 2376.15 2402.74 2473.24
2637.09 2661.85 2687.31 2710.19 2730.36 2747.62 2759.26 2763.01 2760.15 2755.41 2751.87 2748.73 2749.9 2756.3 2768.92 2774.72 2763.04 2755.09 2753.88 2760.35 2774.11 2795.81 2823.1 2899.52 2997 3064.26 3070.41 3050.71 3026.16 3001.24 2977.44 2959.58 2946.47 2933.18 2918.2 2902.33 2884.36 2865.4 2847.17 2830.36 2815.53 2800.69 2784.72 2766.61 2742.52 2712.59 2681.66 2652.57 2626.32 2603.19 2577.28 2554.99 2535.13 2514.87 2494.74 2478.95 2470.35 2467.06 2465 2458.13 2439.64 2398.4 2360.42 2350.56 2361.33 2386.82 2451.08
2672.24 2696.34 2720.18 2739.39 2754.62 2764.38 2769.74 2769.04 2765.3 2763.27 2764.58 2766.03 2769.87 2777.89 2790.27 2791.77 2775.52 2762.72 2759.39 2764.1 2778.42 2802.98 2829.66 2897.94 2998.29 3086.87 3079.21 3058.26 3033.33 3009.27 2986.29 2967.6 2954.61 2940.75 2925.75 2908.91 2891.81 2874.56 2856.6 2839.65 2824.68 2809.7 2792.87 2775.77 2750.09 2721.02 2691.8 2664.57 2638.61 2615.63 2592.27 2571.14 2550.31 2527.66 2503.29 2482.93 2469.47 2458.53 2447.78 2432.19 2405.69 2361.37 2337.73 2337.61 2349.98 2372.91 2429.4
2705.33 2726.41 2744.06 2758.2 2765.74 2766.85 2766.54 2764.59 2761.66 2761.65 2765.6 2772.95 2783.12 2795.56 2809.35 2806.99 2789.28 2774 2767.11 2771.65 2787.93 2816.29 2845.26 2908.98 3004.51 3093.95 3082.93 3062.76 3040.37 3017.31 2995.28 2975.57 2960.85 2945.15 2929.29 2912.33 2895.4 2880.99 2863.89 2847.79 2831.96 2816.99 2800.88 2782.19 2754.51 2727.29 2701.8 2676.57 2650.63 2625.08 2606.36 2587.14 2565.35 2541.57 2514.1 2489.63 2468.67 2446.37 2424.88 2400.24 2365.71 2338.65 2324.15 2327.21 2339.82 2359.06 2407.73
2718.42 2728.6 2734.44 2741.49 2748.21 2751.4 2751 2747.27 2743.73 2745.1 2753.56 2764.32 2778.12 2795.58 2814.88 2819.06 2810.4 2798.07 2789.89 2795.56 2818.08 2851.01 2877.15 2922.69 2991.72 3062.82 3082.64 3067.67 3046.52 3023.62 3002.58 2983.56 2967.68 2950.02 2934.05 2917.96 2902.73 2887.85 2869.99 2848.83 2826.81 2804.92 2782.02 2755.28 2723.88 2703.82 2685.78 2666.03 2643.56 2621.92 2610.75 2594.45 2573.43 2548.68 2519.1 2488.98 2462.6 2435.22 2407.1 2378.57 2343.71 2323.56 2316.19 2326.44 2341.83 2354.85 2388.14
2721.34 2717.86 2711.17 2711.85 2721.4 2730.04 2731.29 2726.43 2721.98 2723.79 2737.12 2750.89 2767.75 2789.41 2814.24 2830.73 2833.51 2825.02 2817.54 2823.54 2850.45 2887.13 2907.95 2933.94 2973.27 3024.33 3080.13 3071.84 3051.69 3029.63 3008.7 2988.9 2970.31 2950.67 2933.88 2919.65 2905.51 2888.79 2870.72 2841.82 2811.95 2782.92 2752.9 2718.89 2684.36 2673.14 2663.1 2647.63 2630.88 2615.97 2611.07 2598.67 2578.69 2552.13 2520.55 2485.36 2453.99 2423.42 2392.75 2362.08 2330.63 2312.09 2310.69 2328.86 2348.28 2355.58 2369.03
2703.83 2694.67 2688.13 2690.19 2697.97 2709.96 2714.05 2711.66 2709.56 2712.12 2724.69 2742.27 2762.14 2787.04 2817.18 2843.86 2853.14 2845.94 2837.59 2839.94 2859.45 2886.31 2898.83 2920.96 2966.15 3028.94 3070.44 3069.88 3053.28 3032.99 3010.05 2977.89 2943.45 2915.88 2898.13 2885.01 2870.99 2853.97 2832.45 2801.66 2774.21 2749.48 2725.48 2700.09 2677.31 2667.3 2656.59 2642.5 2627.41 2616 2610.21 2597.46 2577.61 2551.64 2515.56 2473.68 2438.97 2407.94 2379.53 2352.04 2323.73 2306.26 2308.16 2328.32 2352.48 2362.55 2350.21
2683.74 2674.15 2669.48 2671.94 2680.32 2694.44 2700.66 2700.34 2699.25 2699.48 2711.95 2731.94 2756.55 2786.15 2820.55 2853.34 2861.68 2853.68 2843.4 2842.31 2851.9 2867.9 2875.96 2897.9 2944.52 3008.63 3047.61 3058.37 3048.09 3024.4 2991.6 2948.14 2906.26 2876.7 2859.71 2848.46 2836.17 2820 2797.98 2769.69 2746.25 2727.52 2711.52 2695.39 2679.64 2667.92 2654.34 2639.5 2624.53 2613.52 2606.61 2592 2569.56 2537.69 2494.89 2453.68 2417.75 2386.69 2360.35 2335.96 2309.81 2295.9 2300.82 2319.54 2344.27 2359.03 2341.75
