zagedan.asc
DSAA
248 117
4554392.48137608450000000 4573272.42736252300000000
5379494.14634304770000000 5388360.84162412770000000
1745.85 3165.82             
[rows 60 to 89 of 117, columns 0 to 66 of 248]
2186.44 2190.88 2183.55 2173.28 2159.25 2140.64 2115.51 2090.41 2082.73 2104.23 2136.42 2170.89 2204.22 2224.66 2231.6 2235.74 2243.02 2253.59 2262.32 2267.02 2275.75 2291.65 2310.84 2325.88 2331.47 2331.54 2335.88 2341.62 2348.44 2352.41 2348.21 2339.15 2328.78 2321.52 2317.64 2318.75 2324.57 2329.69 2340.74 2355.23 2368.7 2378.35 2379.7 2388.36 2403.95 2418.19 2429.45 2443.15 2460.34 2478.31 2497.3 2516.51 2535.47 2553.77 2575.37 2602.5 2631.8 2657.27 2676.61 2687.55 2692.24 2694.75 2693.4 2690.11 2691 2689.42 2676.7
2205.08 2216.69 2214.38 2205.07 2190.03 2169.53 2145.19 2122.13 2111.99 2120.83 2144.12 2176.67 2212.57 2238.48 2252.47 2261.58 2270.44 2280.08 2286.97 2288.57 2292.76 2305.26 2322.69 2338.36 2342.3 2341.55 2347.03 2355.68 2363.79 2366.59 2361.22 2352.94 2344.03 2337.63 2335.87 2338.76 2348.33 2358.04 2370.09 2383.05 2393.88 2400.71 2404.16 2414.17 2431.76 2447.74 2458.86 2471.67 2489.53 2507.82 2528.42 2548.26 2568.08 2588.03 2610.23 2635.38 2659.66 2679.49 2690.77 2694.16 2692.11 2690.23 2684.54 2677 2670.08 2663.57 2654.33
2224.52 2243.2 2246.52 2237.24 2218.89 2197.26 2175.9 2155.95 2143.47 2139.96 2152.25 2181.9 2218.8 2246.45 2267.24 2282.12 2295.17 2306.38 2313.35 2311.9 2312.4 2319.63 2334.3 2348.46 2351.69 2352.02 2360.29 2371.33 2378.07 2376.97 2372.05 2367.14 2360.21 2355.86 2357.2 2363.61 2375.72 2389.73 2401.48 2411.43 2418.13 2420.28 2425.82 2437.61 2456.54 2475.15 2486.8 2498.2 2517.91 2537.77 2558.92 2581.3 2602.24 2624.07 2646.75 2667.91 2685.92 2696.9 2697.63 2692.51 2685.33 2679.63 2671.54 2659.82 2645.96 2635.28 2631.72
2245.93 2268.48 2275.59 2264.56 2244.56 2223.86 2205.36 2190.54 2179.51 2171.7 2174.73 2193.63 2224.85 2248.95 2270.86 2291.71 2310.41 2326.06 2336.73 2338.97 2340.89 2344.77 2352.24 2361.23 2365.41 2367.8 2378.78 2390.56 2395.21 2391.78 2389.58 2387.75 2383.56 2381.22 2385.1 2396.09 2410.87 2425.92 2435.49 2440.43 2440.95 2440.34 2446.65 2457.15 2476.24 2495.64 2511.3 2528.55 2547.74 2567.82 2588.91 2610.86 2632.03 2654.68 2675.38 2691.35 2701.21 2700.54 2690.23 2681.5 2671.71 2661.06 2647.45 2630.67 2618.68 2611.07 2612.55
2263.9 2289.19 2300.19 2289.28 2270.68 2251.37 2236.03 2224.66 2213.71 2203.59 2199.04 2208.43 2231.58 2254.44 2277.06 2302.31 2326.11 2346.42 2360.54 2367.27 2370.74 2372.76 2375.03 2380.28 2384.31 2389.3 2401.34 2413.04 2416.69 2413.29 2413.07 2412.62 2410.54 2410.2 2416.14 2429.45 2446.07 2460.93 2468.08 2468.12 2464.7 2462.9 2468.41 2477.6 2494.28 2513.42 2533.36 2556.06 2575.25 2596 2616.1 2636.49 2658.25 2679.23 2697.51 2707.19 2707.24 2696.51 2678.18 2665.94 2655.61 2641.63 2624.02 2605.89 2595.39 2591.71 2596.35
2276.77 2303.81 2319 2312.34 2297.48 2281.67 2268.99 2258.36 2245.63 2233.48 2225.42 2226.7 2240.83 2266.07 2290.36 2317.17 2343.49 2366.99 2384.32 2394.95 2400.92 2403.46 2404.7 2407.33 2411.62 2418.11 2428.49 2438.84 2443.69 2443.43 2443.76 2441.36 2440.79 2444.08 2452.11 2463.03 2477.6 2492.3 2498.16 2495.85 2490.72 2489.85 2491.96 2498.88 2511.19 2529.08 2552.07 2577.27 2598.9 2620.51 2640.37 2659.58 2679.57 2697.57 2711.65 2713.34 2703.58 2685 2662.33 2647.19 2635.85 2619.99 2603.06 2588.19 2579.51 2577.11 2582.33
2289.19 2318.38 2337.26 2335.73 2323.1 2309.69 2299.6 2289.55 2275.69 2262.25 2251.9 2249.25 2258.06 2280.78 2305.62 2334.33 2362.35 2386.37 2405.27 2419.15 2428.49 2432.33 2436.29 2442 2448.22 2453.26 2462.67 2472.84 2477.87 2477.88 2477.65 2475.85 2476.47 2481.85 2490.75 2500.05 2511.3 2525.6 2528.81 2524.74 2519.32 2517.71 2518.37 2523.02 2531.37 2546.91 2571.01 2596.79 2621.07 2642.68 2661.44 2677.67 2693.3 2708.88 2718.03 2714.24 2698.03 2673.54 2647.76 2629.74 2616.77 2601.75 2587.61 2575.75 2569.07 2568.38 2573.63
2302.33 2333.04 2355.37 2358.48 2348.55 2337.35 2329.68 2319.69 2305.36 2290.2 2278.7 2274.42 2279.52 2297.4 2321.74 2351.56 2380.65 2405.58 2425.68 2441.71 2453.53 2460.89 2468.18 2478.59 2487.71 2490.77 2498.61 2508.92 2514.69 2514.55 2513.77 2513.71 2515.35 2521.69 2530.54 2538.53 2546.73 2558.47 2559.82 2555.55 2549.75 2545.86 2546.92 2549.31 2553.78 2566.6 2590.15 2616.85 2642.22 2663.71 2681.13 2693.35 2704.13 2715.9 2720.84 2712.13 2691.78 2663.98 2635.02 2612.6 2598.89 2586.58 2574.64 2565.77 2561.73 2561.26 2566.5
2317.97 2345.93 2371.5 2378.67 2372.05 2361.44 2352.82 2343.72 2330.05 2314.85 2304.47 2302.68 2308.48 2320.98 2342.6 2370.38 2399.91 2426.24 2446.23 2464.98 2478.84 2488.42 2497.71 2509.12 2517.26 2520.97 2529.65 2541.74 2549.37 2551.26 2553.82 2556.21 2557.7 2562.51 2570.06 2574.76 2581.47 2590.35 2589.99 2586.09 2583.25 2583.89 2586.08 2584.67 2585.17 2594.02 2613.28 2637.57 2661.27 2680.66 2693.4 2699.65 2702.99 2709.39 2712.37 2703.89 2683.27 2656.97 2629.93 2606 2590.63 2578.66 2566.88 2557.47 2553.02 2553.28 2557.65
2332.02 2359.48 2388.25 2399.24 2395.3 2385.43 2376.65 2367.84 2355.15 2341.21 2333.64 2334.51 2340.49 2348.32 2363.9 2388.36 2417.38 2444.75 2465.28 2483.94 2499.96 2512.42 2523.81 2533.96 2542.82 2547.53 2557.07 2569.83 2580.49 2586.18 2592.44 2596.62 2598.07 2602.27 2607.27 2610.8 2617.11 2623.89 2621.68 2617.19 2615.99 2620.44 2623.42 2620.67 2619.59 2625.21 2640.38 2660.9 2681.4 2695 2700.08 2698.73 2696.17 2699.48 2701.48 2693.1 2672.32 2644.86 2619.89 2597.52 2582.65 2569.96 2558.89 2548.48 2543.21 2544.22 2546.77
2343.74 2373.33 2406.39 2422.2 2419.06 2408.95 2401.76 2393.86 2382.35 2370.51 2365.77 2368.36 2374.01 2378.71 2387.52 2406.76 2433.21 2459.41 2480.26 2496.84 2514.46 2530.34 2542.86 2553.88 2564.47 2570.03 2579.38 2591 2604.78 2617.92 2626.09 2631.01 2635.61 2640.23 2643.29 2646.09 2653 2658.8 2656.01 2648.9 2646.57 2652.84 2655.49 2655.28 2656.61 2663.08 2674.59 2687.91 2703.05 2706.87 2700.72 2691.02 2684.48 2685.9 2687.7 2678.34 2655.67 2625.47 2599.94 2585.23 2572.94 2560.87 2549.17 2539.29 2532.24 2532.44 2533.82
2361.03 2390.51 2423.04 2441.74 2443.29 2437.91 2433.41 2426.68 2414.24 2404.24 2400.53 2403.47 2409.63 2412.6 2416.77 2429.91 2450.16 2472.56 2493.12 2508.14 2527.13 2546.22 2561.95 2573.83 2584.63 2590.44 2600.49 2612.1 2627.26 2643.34 2655.25 2663.79 2671.93 2677.37 2679.95 2680.64 2684.34 2688.52 2685.68 2678 2673.74 2679.01 2684.15 2686.29 2691.14 2698.31 2707.53 2716.46 2721.2 2714.44 2700.19 2685.32 2675.49 2672.17 2668.83 2655.98 2631.58 2602.04 2578.28 2566.99 2555.99 2545.87 2536.58 2527.59 2520.24 2519.44 2519.96
2379.95 2408.63 2438.6 2460.11 2467.76 2468.47 2466.76 2461.4 2448.29 2439.21 2435.59 2438.55 2444.94 2447.96 2448.47 2455.43 2469.05 2486.88 2505.21 2519.91 2538.79 2561.05 2580.57 2594.45 2603.77 2609.74 2620.78 2633.15 2648.58 2666.09 2681.52 2695.43 2706.35 2712.51 2714.17 2713.2 2712.42 2714.76 2711.41 2705.23 2700.14 2701.66 2709.13 2714.84 2721.99 2731.55 2740.2 2744.93 2737.12 2719.92 2699.81 2681.75 2668.69 2659.97 2648.37 2630.95 2604.96 2577.5 2557.08 2545.47 2536.46 2529.24 2522.85 2515.57 2508.05 2505.6 2506.84
2408.35 2431.65 2458.79 2476.94 2488.3 2493.96 2495.21 2490.01 2479.86 2471.41 2466.89 2469.48 2477.51 2481.44 2481.96 2486.3 2496.36 2510.29 2526.64 2543.52 2561.89 2581.67 2598.5 2611.73 2620.88 2630.58 2641.72 2654.04 2668.6 2685.78 2703.09 2717.33 2726.76 2731.21 2730.98 2727.92 2724.23 2725.99 2725.12 2720.79 2716.39 2717.11 2722.87 2732.01 2744.5 2757.69 2767.41 2767.45 2749.78 2726.43 2703.14 2682.76 2665.69 2652.02 2636.03 2615.71 2589.55 2562.33 2542.28 2530.87 2524.67 2519.39 2513.14 2504.28 2495.2 2493.37 2494.95
2436.3 2453.6 2475.65 2491.05 2502.82 2512.37 2516.98 2516.07 2509.5 2502.54 2497.92 2500.47 2508.85 2513.79 2515.25 2519.58 2526.62 2537.46 2551.74 2570.35 2588.19 2605.11 2619.78 2631.27 2639.97 2651.76 2663.65 2675.8 2689.36 2705.74 2722.95 2735.37 2742.66 2744.22 2741.37 2737.32 2733.34 2735.3 2736.53 2734.06 2730.15 2728.15 2731.35 2741.21 2756.99 2773.15 2784.56 2783.55 2760.61 2734.08 2708.7 2686.09 2665.21 2648.83 2627.46 2605.26 2579.2 2552.59 2530.94 2519.74 2515.64 2512.16 2505.81 2495.84 2485.77 2484.04 2485.71
2462.96 2472.61 2485.96 2499.49 2510.18 2519.26 2528.55 2537.79 2536.26 2531.26 2528.42 2532.24 2539.75 2544.41 2547.76 2553.74 2560.87 2569.6 2581.71 2598.76 2618.76 2634.92 2646.69 2656.06 2665.76 2675.2 2685.68 2697.96 2711.88 2726.38 2741.77 2751.64 2753.2 2748.86 2744.46 2742.38 2741.59 2744.48 2746.8 2745.3 2740.96 2735.06 2734.41 2740.85 2754.84 2773.2 2787.59 2790.09 2769.9 2743.76 2717.05 2691.63 2668.67 2650.74 2624.61 2600.72 2575.46 2548.65 2524.41 2513.4 2511.12 2507.76 2500.58 2490.76 2482.79 2478.53 2479.17
2480.4 2485.97 2493.57 2504.41 2513.18 2520.74 2531.09 2544.85 2550.13 2551.61 2554.73 2562.1 2571.85 2577.7 2583.77 2591.57 2599.31 2606.62 2616.13 2632.09 2651.45 2666.65 2677.37 2686.37 2695.14 2702.49 2711.3 2723.75 2738.33 2751.3 2762.48 2765.94 2762.18 2756.29 2751.12 2750.03 2749.48 2751.71 2754.14 2752.48 2746.41 2738.96 2734.97 2736.52 2746.02 2762.37 2778.44 2786.6 2777 2756.67 2731.21 2703.39 2675.64 2652.69 2624.98 2598.33 2571.66 2545.62 2521.09 2509.93 2506.22 2502.84 2495.57 2485.78 2477.9 2471.32 2467.44
2492.48 2495.89 2500.75 2508.1 2515.06 2521.38 2530.17 2544.7 2556.61 2566.7 2577.48 2591 2604.26 2612.22 2620.94 2629.98 2639.25 2646.09 2653.7 2668.18 2684.33 2698.84 2710.22 2719.05 2726.65 2732.15 2739.9 2751.61 2766.4 2779.26 2784.8 2779.28 2771.04 2764.56 2760.71 2758.95 2757.99 2757.69 2759.35 2757.41 2749.48 2740.88 2734.52 2731.74 2735.38 2746.77 2763.66 2778.59 2781.49 2770.14 2747.9 2718.42 2684.37 2653.18 2627.45 2597.91 2569.36 2542.8 2519.7 2506.64 2500.31 2497.02 2490.48 2480.04 2473.53 2463.71 2453.2
2498.15 2501.55 2506.69 2513.15 2521.02 2528.64 2536.7 2548.94 2560.79 2572.31 2586.74 2604.68 2623.15 2637.62 2652.55 2665.55 2675.87 2683.58 2691.42 2704.11 2718.69 2730.75 2741.47 2750.59 2759.71 2765.79 2773.43 2784.62 2796.73 2806.33 2805.27 2794.74 2784.41 2776.84 2771.34 2767.83 2765.93 2764.08 2761.93 2755.96 2747.07 2738.6 2733.45 2729.11 2729.09 2734.22 2743.21 2752.85 2760.92 2762.56 2747.69 2717.26 2683.07 2654.72 2626.72 2595.99 2566.45 2539.63 2515.17 2502.52 2494.22 2490.21 2484.9 2477.48 2469.34 2457.22 2442.27
2501.55 2506.06 2512.68 2519.27 2528.16 2536.84 2545.19 2555.55 2566.43 2577.27 2592.03 2610.73 2632.4 2653.69 2674.69 2693.5 2709 2719.92 2728.22 2738.76 2750.66 2760.67 2769.96 2780.02 2790.07 2796.38 2804.63 2814.87 2825.35 2830.7 2824 2810.46 2798.28 2789.56 2782.06 2776.7 2773.8 2770.52 2764.36 2754.47 2743.04 2733.69 2728.04 2724 2720.72 2720.26 2720.6 2724.62 2732.52 2743.16 2733.58 2707.77 2679.63 2654.58 2623.8 2592.17 2562.35 2533.8 2508.27 2494.8 2485.4 2480.5 2475.32 2468.24 2459.74 2445.61 2428.28
2501.93 2510.11 2517.26 2525.68 2536.66 2547.95 2557.6 2566.7 2575.31 2581.94 2590.91 2606.21 2626.67 2652.92 2682.23 2711.22 2735.22 2752.87 2763.11 2771.32 2779.49 2787.06 2796.22 2806.37 2816.66 2823.43 2830.38 2840.99 2849.09 2849.51 2838.61 2825.69 2813.81 2803.18 2793.69 2786.47 2782.31 2776.18 2766.92 2753.71 2737.37 2722.88 2715.06 2712.63 2708.44 2702.82 2696.68 2693.18 2695.71 2703.64 2699.1 2685.95 2672.36 2649.93 2618.18 2587.16 2556.33 2525.79 2498.26 2482.07 2470.95 2465.79 2458.72 2449.02 2438.86 2424.53 2406.92
2506.85 2517.02 2525.12 2534.45 2545.82 2558.48 2569.32 2576.5 2583.26 2588.54 2595.28 2605.88 2623.09 2649.75 2683.66 2718.7 2750.77 2776.16 2791.63 2798.38 2803.16 2805.82 2809.55 2814.59 2821.89 2828.71 2834.93 2842.41 2849.8 2852.26 2847.01 2838.15 2827.09 2816.13 2805.68 2797.75 2790.24 2782.8 2771.44 2755.98 2736.07 2715.87 2704.32 2699.47 2693.41 2685.15 2673.66 2663.31 2660.43 2661.29 2655.06 2645.43 2638.94 2624.49 2603.82 2578.52 2547.1 2512.42 2485.23 2466.32 2454.85 2447.95 2439.69 2427.9 2415.84 2400.77 2383.97
2514.62 2525.34 2534.97 2544.18 2554.85 2567.81 2579.49 2585.75 2589.62 2595.71 2602.48 2609.38 2621.53 2646.89 2682.62 2722.13 2760.73 2794.1 2816.19 2822.92 2823.6 2820.61 2815.63 2812.6 2815.98 2823.25 2827.3 2830.97 2837.05 2846.83 2852.23 2848.79 2839.98 2828.23 2817.56 2808.27 2797.34 2789.65 2777.08 2759.6 2737.06 2711.25 2696.14 2685.4 2678.01 2666.81 2651.77 2635.35 2626.09 2617.64 2606.28 2596.29 2592.92 2588.33 2584.32 2567.69 2535.84 2497.4 2469.27 2448.57 2437.72 2428.83 2418.83 2406.6 2391.89 2376.74 2360.11
2523.93 2536.12 2545.7 2553.8 2562.58 2573.74 2583.69 2588.79 2594.01 2600.92 2607.89 2615.72 2629.93 2656.28 2690.34 2729.12 2770.12 2805.72 2826.8 2825.12 2820.29 2813.62 2806.74 2801.44 2803.68 2806.92 2809.08 2811.49 2816.25 2825.61 2840.14 2849.35 2848.99 2840.11 2828.39 2817.42 2805.9 2796.39 2781.64 2760.35 2734.32 2706.35 2684.81 2669.19 2659.09 2645.44 2626.24 2609.95 2599.4 2591.18 2581.51 2568.7 2556.44 2550.67 2551.17 2540.29 2516.66 2486 2457.96 2438.46 2424.86 2412.42 2401.6 2391.25 2378.67 2362.78 2346.98
2536.82 2549.68 2558.33 2565.59 2573.82 2582.98 2591.48 2597.2 2602.59 2609.57 2616.74 2625.95 2642.79 2669.82 2702.96 2741.29 2780.82 2815 2830.72 2820.5 2810.35 2801.86 2795.19 2791.24 2792.94 2793.05 2792.62 2794.03 2797.61 2806.05 2826.65 2846.16 2855.16 2851.21 2839.24 2827.08 2813.59 2801.16 2783.35 2758.07 2728.33 2697.88 2670.64 2651.98 2639.8 2624.12 2602.94 2586.6 2575.41 2569.34 2563.31 2551.3 2533.99 2527.1 2527.18 2518.1 2499.84 2474.27 2447.96 2429.23 2413.45 2398.12 2386.5 2377.49 2368.63 2354.31 2338.52
2558.19 2568.04 2575.89 2583.27 2592 2600.07 2608.27 2616.24 2621.08 2625.52 2631.77 2643.66 2662.38 2690.38 2723.84 2760.15 2795.78 2820.29 2822 2806.47 2792.1 2784.1 2781.56 2783.67 2788.05 2786.06 2783.57 2783.22 2785.79 2792.81 2811.42 2836.6 2856.95 2860.81 2850.75 2835.89 2819.86 2801.84 2779.45 2750.7 2715.66 2683.05 2652.81 2632.99 2619.83 2604.32 2585.49 2569.49 2555.26 2551.76 2552.75 2549.74 2538.48 2530.58 2522.7 2508.29 2485.5 2459.91 2437.23 2420.2 2404.14 2387.56 2374.3 2366.57 2361.93 2353.43 2335.74
2586.24 2594.55 2603.24 2611.36 2620.14 2627.75 2633.93 2640.47 2647.27 2650.73 2656.71 2668.65 2689.39 2715.65 2747.5 2781.68 2809.57 2820.98 2809.84 2792.21 2776.72 2769.26 2770.17 2776.63 2782.04 2783.83 2781.77 2780.2 2780.71 2784.72 2800.16 2826.99 2851.79 2863.8 2861.31 2848.13 2828.87 2805.65 2777.25 2741.94 2700.95 2663.79 2635.93 2617.48 2603.57 2589.12 2571.9 2554.33 2539.93 2537.89 2543.5 2547.62 2541.63 2531.41 2517.3 2497.19 2471.57 2446.94 2426.32 2410.09 2392.29 2374.79 2361.46 2355.18 2356.06 2349.68 2330.82
2617.08 2625.47 2635.35 2644.98 2653.57 2660.04 2663.83 2667.86 2677.22 2681.16 2686.4 2698.84 2721.1 2743.14 2773 2804.16 2822.7 2818.84 2796.87 2779.09 2763.53 2756.43 2759.61 2768.86 2775.87 2782.45 2783.5 2781.38 2778.82 2778.9 2790.7 2816.24 2843.25 2863.82 2871.91 2861.62 2839.21 2811.5 2776.05 2732.97 2685.2 2643.37 2619.29 2603.48 2590.42 2576.98 2560.23 2539.65 2527.66 2525.96 2534.09 2543.27 2540.85 2529.2 2510.72 2485.03 2457.75 2434.85 2414.49 2399.05 2380.09 2360.85 2347.88 2345.37 2350.06 2343.76 2323.73
2657.68 2667.73 2678.04 2686.18 2693.64 2698.37 2701.6 2706.87 2716.63 2721.54 2727.62 2739.79 2756.68 2773.38 2799.81 2824.37 2832.38 2820.97 2800.51 2783.31 2766.19 2754.39 2752.59 2759.18 2766.94 2773.32 2775.73 2775.4 2774.39 2775.67 2786.44 2807.99 2835.87 2862.02 2877.7 2874.56 2850.83 2820.26 2778.06 2730.63 2683.47 2638.51 2611.77 2591.98 2577.41 2564.17 2548.02 2525.68 2514.95 2514.98 2523.8 2530.97 2528.95 2517.39 2493.36 2464.95 2439.26 2417.81 2401.47 2385.19 2365.57 2349.01 2339.22 2334.8 2333.48 2322.09 2301.59
2697.14 2708.45 2720.24 2728.03 2734.67 2738.87 2740.98 2747.66 2756.53 2760.78 2766.05 2773.08 2782.67 2795.38 2821.4 2840.28 2840.41 2824.11 2804.29 2785.31 2765.89 2749.84 2743.14 2746.27 2753.17 2758.88 2762.45 2764.12 2765.41 2770.21 2782.02 2801.04 2830.18 2859.93 2881.99 2885.59 2860.85 2829.01 2784.55 2735.73 2686.86 2639.44 2608.09 2584.93 2565.99 2551.28 2535.76 2511.79 2502.17 2503.76 2510.79 2516.01 2513.08 2500.42 2473.57 2445.87 2421.25 2400.93 2386.51 2369.32 2350.01 2337.12 2328.26 2321.47 2314.16 2298.21 2278.99
