zagedan.asc
DSAA
248 117
4554392.48137608450000000 4573272.42736252300000000
5379494.14634304770000000 5388360.84162412770000000
1745.85 3165.82             
[rows 30 to 59 of 117, columns 134 to 200 of 248]
2495.42 2466.26 2436.82 2412.54 2393.1 2378.51 2358.42 2342.97 2334.67 2333.97 2335.66 2329.58 2314.41 2297.04 2279.55 2262.55 2244.94 2228.84 2217.3 2207.54 2199.58 2193.75 2190.84 2181.36 2163.8 2141.12 2115.76 2092.75 2063.29 2036.33 2014.63 2003.74 2010.98 2038.35 2072.26 2107.14 2154.69 2216.22 2294.48 2397.08 2446.81 2477.17 2512.03 2574.24 2660.38 2695.75 2708.2 2722.81 2742.73 2766.66 2789.69 2816.92 2852.28 2891.01 2930.11 2968.66 3008.1 3036.99 3058.64 3052.82 3025.72 2993.04 2965.23 2937.74 2918.77 2905.46 2895.44
2481.33 2455.64 2430.78 2408.52 2389.55 2375.31 2355.53 2341.81 2335.99 2336.59 2340.07 2334.56 2320.03 2302.42 2284.63 2267.6 2252.16 2237 2226.45 2216.46 2206.79 2198.98 2191.06 2179.01 2160.8 2138.24 2111.83 2083.13 2050.76 2022.48 2003.77 1999.04 2009.81 2035.63 2066.64 2101.91 2157.36 2223.46 2295.79 2400.48 2455.77 2487.22 2519.4 2573.37 2647.89 2691.53 2713.93 2734.56 2759.61 2787.36 2811.75 2838.95 2865.23 2896.61 2930.33 2962.06 2991.44 3017.46 3037.6 3042.25 3031.16 3009.82 2991.56 2967.6 2950.73 2939.57 2931.72
2472.51 2450.74 2430.05 2409.73 2389.91 2374.84 2356.73 2344.22 2338.02 2338.59 2341.62 2337.01 2323.48 2306.56 2287.12 2268.42 2253.94 2241.32 2230.37 2220.33 2210.34 2199.92 2187.04 2171.79 2153.15 2130.57 2102.51 2070.46 2036.84 2007.56 1992.33 1994.28 2009.22 2032.05 2061.44 2095.24 2153.48 2222.77 2297.52 2411.27 2467.22 2496.99 2526.17 2569.13 2626.27 2676.76 2709.55 2736.2 2768.73 2801.88 2825.71 2850.01 2864.89 2887.56 2914.99 2940.42 2963.57 2986.79 3007.14 3026.31 3035.59 3029.65 3021.12 3001 2984.75 2975.28 2968.74
2476.14 2455.8 2438.19 2419.93 2401.63 2384.91 2365.45 2349.91 2339.46 2335.88 2336.16 2331.53 2318.95 2302.25 2283.27 2264.3 2246.88 2237.54 2225.99 2215.1 2203.53 2190.22 2176.3 2162.01 2144.23 2120.23 2090.95 2057.58 2022.92 1994.12 1984.03 1990.62 2008.87 2031.44 2060.6 2088.94 2147.66 2220.49 2296.14 2411.45 2468.92 2497.85 2526.43 2566.1 2614.31 2659.25 2695 2724.4 2759.88 2795.61 2812.42 2820 2824.68 2838.52 2859.52 2885.98 2919.96 2947.63 2974.87 3000.48 3022.11 3037.16 3045.39 3032.46 3019.89 3011.28 3004.26
2484.66 2465.25 2447.39 2430.22 2412.3 2392.93 2372.99 2354.45 2340.68 2332.2 2328.57 2324.46 2312.87 2297.01 2278.25 2258.52 2239.65 2231.58 2219.99 2208.93 2195.52 2180.06 2165.18 2149.63 2131.12 2106.75 2077.29 2044.49 2010.49 1982.66 1975.08 1984.77 2006.04 2030.42 2060.51 2085.68 2144.86 2223.53 2302.88 2395.99 2454.94 2488.02 2519.29 2558.26 2600.81 2636.53 2672.14 2703.45 2738.78 2771.89 2783.25 2783.4 2787.2 2799.08 2818.86 2845.74 2882.82 2913.02 2946.1 2977.51 3007.32 3035.52 3055.41 3054.87 3050.53 3045.24 3039.19
2495.26 2476.09 2457.29 2437.86 2418.24 2397.51 2379.07 2358.58 2341.08 2328.46 2320.82 2318.16 2306.84 2291.93 2273.24 2254.13 2234.38 2227.16 2215.65 2203.06 2188.44 2171.81 2153.65 2134.44 2115.45 2090.31 2060.76 2031.12 1999.87 1973.21 1965.28 1977.61 2001.88 2028.36 2059.56 2085.14 2144.5 2232.31 2319.34 2369.3 2430.25 2470.32 2506.51 2545.21 2583.14 2608.07 2642.25 2675.3 2709.34 2735.89 2743.35 2747.98 2759.31 2777.17 2799.21 2824.23 2854.75 2885.48 2922.53 2958.97 2992.84 3025.44 3052.33 3068.15 3075.61 3076.67 3073.78
2502.17 2482.14 2463.14 2443.23 2422.48 2400.74 2382.56 2364.13 2346.92 2331.34 2320.53 2314.86 2301.79 2286.14 2267.4 2249.21 2231.7 2222.51 2210.81 2193.33 2172.76 2152.42 2134.1 2110.51 2088.8 2066.3 2041.58 2014.53 1986.21 1964.49 1962.18 1977.04 2003.48 2032.72 2063.64 2092.99 2138.85 2221.26 2322.19 2361.85 2419.61 2460.5 2496.1 2531.65 2564.78 2592.36 2623.46 2654.79 2686.92 2711.33 2722.34 2733.75 2751.67 2773.62 2798.62 2826.47 2856.16 2888.35 2923.46 2957.38 2987.07 3012.38 3027.83 3042.15 3055.39 3063.97 3060.77
2509.11 2488.04 2468.19 2449.03 2428.17 2405.48 2387.24 2370.84 2353.13 2336.27 2323.35 2313.02 2298.53 2280.32 2262.17 2244.96 2228.75 2217.67 2204.27 2182.68 2155.34 2130.74 2111.45 2084.02 2059.96 2040.12 2021.13 1997.22 1971.88 1957.36 1961.37 1979.41 2006.45 2038.4 2068.77 2103.17 2136.59 2210.35 2321.05 2360.58 2415.34 2458.02 2492.92 2523.39 2551.43 2584.42 2612.85 2641.18 2671.19 2696.61 2712.97 2731.24 2753.88 2779.73 2807.86 2839.56 2870.56 2903.16 2934.27 2960.54 2980.39 2992.19 2991.25 2998.86 3012.12 3024.03 3019.02
2522 2499.16 2479.07 2460.06 2440 2417.2 2395.79 2377.94 2359.99 2342.96 2329.73 2315.49 2298.23 2278.6 2259.72 2242.62 2226.57 2209.81 2192.53 2168.5 2139.92 2112.33 2086.52 2059.4 2036.66 2018.9 2001 1976.88 1956.46 1950.43 1962.23 1983.77 2011.13 2041.28 2074.99 2110.72 2152.59 2226.31 2322.23 2356.65 2418.63 2474.53 2511.78 2536.38 2561.37 2590.67 2617.29 2642.82 2671.41 2699.82 2722.57 2746.38 2774.64 2803.31 2836.47 2872.4 2902.04 2929.33 2953.19 2964.39 2962.54 2951.09 2935.58 2931.31 2932.17 2934.02 2926.94
2540.98 2517.12 2495.37 2475.48 2455.53 2431.94 2409.09 2388.48 2368.79 2350.87 2336.01 2318.72 2299.22 2278.51 2258.63 2241.46 2223.86 2203.61 2182.36 2156.17 2125.11 2093.8 2064.18 2038.53 2017.03 2000.43 1982.65 1960.65 1945.11 1947.69 1963.83 1986.96 2013.71 2043.34 2078.46 2115.86 2163.63 2232.93 2311.73 2349.96 2410.67 2481.72 2527.95 2553.28 2579.41 2605.14 2631.76 2657.69 2687.64 2720.42 2748.42 2776.55 2807.68 2839.88 2875.83 2913.42 2938.64 2954.22 2958.73 2950.82 2931.99 2906.74 2886.01 2874.5 2865.74 2860.11 2853.89
2563.4 2539.52 2515.87 2494.12 2473.28 2449.5 2426.49 2403.04 2381.29 2360.73 2341.48 2321.09 2302.65 2281.1 2260.23 2240.65 2221.79 2199.45 2174.35 2145.23 2111.19 2075.2 2044.71 2020.84 2001.19 1984.91 1967.14 1947.85 1938.62 1949.21 1967.38 1990.04 2015.82 2043.85 2078.92 2119.6 2166.28 2224.01 2288.39 2340.86 2391.34 2477.09 2538.69 2571.2 2601.31 2625.52 2654.15 2682.76 2716.97 2753.95 2784.67 2818.74 2850.39 2885.19 2923.32 2958.51 2976.74 2974.35 2950.01 2919.85 2890.73 2863.34 2845.69 2832.51 2819.98 2811.48 2810.06
2586.33 2563.36 2537.84 2513.3 2490.57 2466.69 2442.88 2417.35 2391.22 2366.78 2343.39 2321.49 2301.7 2279.9 2259.65 2240.46 2219.15 2194.76 2168.15 2134.6 2096.66 2058.07 2027.37 2002.25 1984.3 1968.21 1951.95 1937.8 1933.16 1946.09 1964.63 1987.91 2015.88 2046.88 2083.79 2126.71 2174.72 2231.38 2293.64 2347.15 2393.37 2470.09 2531.21 2570.66 2608.2 2643.32 2677.55 2710.11 2744.81 2783.78 2820.87 2859.78 2891.95 2924.99 2958.8 2984.17 2984.73 2958.85 2917.88 2880.37 2851.48 2828.68 2815.36 2804.01 2794.12 2787.24 2786.28
2609.24 2587.34 2559.98 2532.49 2507.7 2480.53 2454 2426.43 2398.65 2370.36 2342.97 2319.09 2297.3 2274.59 2254.42 2236.16 2212.94 2187.32 2159.69 2123.02 2081.91 2041.99 2011.19 1985.02 1967.24 1951.94 1938.34 1929.12 1927.83 1941.98 1960.62 1984.04 2014.71 2051.1 2091.16 2136.18 2186.94 2246.3 2309.62 2359.99 2403.87 2465.73 2520.78 2565.88 2611.3 2658.16 2699.1 2734.45 2770.07 2809.4 2852.67 2896.04 2928.79 2959.28 2986.11 2998.72 2980.85 2934.41 2885.02 2846.14 2818.98 2801.54 2790.44 2781.71 2774.91 2769.54 2766.56
2630.24 2610.45 2583.68 2554.17 2521.78 2481.61 2449.91 2421.77 2394.62 2367.38 2337.9 2311.99 2285.85 2259.53 2235.97 2215.26 2191.57 2165.78 2141.88 2107.44 2066.08 2026.75 1996.01 1971.24 1953.6 1939.2 1929.17 1924.08 1925.14 1938.89 1958.97 1981.82 2012.81 2057.59 2101.37 2151.49 2207.77 2269.68 2331.17 2376.99 2417.78 2470.32 2522.66 2570.7 2617.68 2664.85 2711.01 2749.64 2786.51 2826.71 2872.48 2918.95 2950.72 2976.25 2994.02 2994 2969.46 2920.26 2874.83 2839.6 2811.84 2790.72 2776.25 2765.26 2757.1 2749.55 2743.67
2648.24 2630.84 2602.71 2568.82 2529.27 2482.52 2447.33 2418.2 2391.94 2365.05 2336.09 2309.93 2281.48 2254.41 2227.89 2201.82 2176.92 2148.73 2122.99 2089.61 2050.68 2014.81 1985.14 1961.5 1943.2 1929.63 1922.55 1919.84 1924.45 1939.21 1961.15 1984.83 2016.64 2064.4 2110.45 2168.38 2230.2 2294.48 2354.31 2394.74 2432.92 2476.58 2523.84 2570.98 2614.97 2662.16 2712.11 2754.65 2792.19 2831.82 2876.3 2925.86 2956.49 2974.45 2978.14 2969.83 2955.96 2917.62 2879 2845.99 2816.79 2791.04 2771.67 2756.67 2745.49 2735.67 2728.34
2663.12 2648.23 2616.68 2575.45 2530.47 2485.92 2449.65 2419.51 2391.73 2365.53 2339.95 2314.02 2286.07 2260.62 2232.22 2199.66 2170.97 2138.95 2106.26 2071.65 2037.73 2004.44 1977.43 1954.17 1934.98 1922.99 1918.02 1918.1 1925.83 1943.33 1966.58 1992.79 2026.54 2071.75 2118.48 2184.52 2252.55 2318.53 2377.49 2411.76 2448.09 2484.35 2523.23 2563.25 2602.85 2651.11 2704.77 2751.31 2788.67 2823.68 2867.16 2917.92 2947.78 2954.31 2940.97 2927.04 2940.61 2924.72 2894.39 2862.47 2830.2 2798.95 2774.45 2753.16 2739.09 2728.64 2721.14
2649.71 2650.84 2624.37 2579 2533.07 2493.06 2456.91 2427.42 2400.2 2373.39 2347.52 2317.62 2288.73 2261.93 2233.15 2200.38 2167.98 2133.53 2099.54 2066.24 2036.39 2008.41 1982.29 1959.06 1938.19 1924 1917.56 1920.96 1932.54 1950.08 1973.42 2002.33 2038.95 2083.18 2130.64 2195.73 2262.17 2319.1 2363.27 2395.49 2435.38 2466.64 2506.5 2553.13 2597.59 2647.45 2697.37 2740.89 2778.46 2814.98 2855.05 2898.07 2917.16 2915.89 2904.94 2900.59 2919.67 2924.48 2908.67 2884.5 2855.67 2823.42 2791.63 2758.87 2738.26 2726.89 2720.78
2626.32 2646.61 2629.24 2582.93 2536.12 2500.78 2465.73 2436.42 2410.16 2383.26 2354.86 2320.91 2289.22 2260.37 2231.45 2201.17 2166.07 2129.53 2096.16 2064.78 2039.53 2017.44 1991.08 1967.01 1943.47 1925.52 1918.44 1925.42 1941 1958.04 1981.29 2012.88 2051.74 2094.55 2143.45 2203.08 2263.11 2307.96 2336.24 2368.86 2413.47 2443.83 2488.44 2544.51 2594.75 2646.9 2692.62 2731.98 2769.13 2806.06 2840.45 2871.76 2877.93 2871.79 2870 2879.84 2896.04 2917.25 2916.48 2903.41 2881.79 2850.49 2811.88 2768.36 2740.14 2726.89 2721.58
2605.5 2636.11 2630.25 2591.66 2543.49 2511.17 2474.03 2444.58 2418.45 2389.97 2359.45 2322.42 2286.93 2255.16 2226.03 2197.74 2165.55 2127.39 2093.22 2066.73 2046.52 2028.79 2001.12 1970.54 1942.09 1922.39 1918.25 1929.95 1945.77 1967.25 1992.53 2024.7 2063.87 2104.94 2151.6 2198.73 2244.2 2281.12 2311.74 2345.93 2394.33 2436.26 2487.71 2545.84 2596.92 2649.42 2693.81 2733.91 2769.01 2796.79 2815.69 2829.15 2829.57 2831.22 2839.64 2853.66 2869.45 2887.97 2894.91 2897.64 2891.77 2868.71 2823.86 2779.63 2742.94 2724.94 2720.55
2584.43 2622.17 2626.45 2596.93 2553 2518.08 2478.75 2446.77 2418.88 2390.81 2360.06 2324.19 2285.06 2249.43 2219.23 2191.94 2160.37 2122.78 2089.3 2066.03 2050.69 2035.48 2007.74 1972.96 1941.1 1920.96 1918.11 1932.15 1949.62 1973.57 2000.92 2035.59 2076.56 2117.55 2162.28 2201.93 2237.59 2271.05 2306.77 2345.59 2394.3 2441.84 2494.14 2549.29 2599.93 2652.42 2696.69 2735.55 2765.66 2780.89 2783.14 2785.91 2789.04 2800.89 2817.31 2832.58 2846.95 2860.02 2870.68 2884.4 2892.57 2882.13 2842.5 2795.72 2749.96 2724.09 2716.53
2562.39 2605.32 2617.74 2597.99 2563.36 2521.13 2478.64 2441.25 2410.34 2383.84 2356.4 2325.02 2283.28 2244.5 2212.36 2184.27 2149.49 2114.91 2084.21 2063.13 2049.42 2036.17 2010.16 1975.02 1941.94 1921.68 1919.73 1933.35 1951.8 1976.89 2006.15 2045.24 2090.79 2133.05 2176.85 2216.23 2249.21 2282.06 2323.79 2370.08 2415.1 2459.62 2504.73 2553.16 2604.42 2657.14 2699.93 2736.09 2756.96 2757.25 2744.16 2746.65 2761.06 2782 2802.73 2818.55 2829.78 2837.21 2848.25 2867.86 2886.69 2890.43 2868.93 2816.89 2759.7 2724.48 2710.78
2538.58 2586.33 2606.6 2594.3 2565.48 2521.54 2476.9 2435.36 2402.18 2375.01 2350.47 2321.57 2282.78 2243.82 2208.2 2175.73 2140.88 2106.07 2075.74 2054.17 2040.53 2027.56 2004.19 1970.08 1938.5 1922.27 1924.73 1939.43 1957.31 1984 2018.31 2060.91 2108.98 2154.69 2192.67 2230.62 2265.54 2301.69 2342.43 2387.29 2431.38 2476.04 2517.82 2558.16 2601.83 2655.05 2694.86 2726.44 2740.15 2733.72 2720.06 2722.36 2742.1 2766.41 2787.93 2804.54 2813.97 2816.7 2827.05 2847.41 2869.85 2883.93 2875.42 2830.02 2775.14 2734.19 2711.44
2514.49 2565.42 2593.46 2589.84 2563.77 2521.45 2474.21 2431.16 2394.4 2365.25 2341.8 2314.04 2279.86 2242.83 2203.63 2166.24 2132.72 2097.13 2065.93 2043.38 2028.87 2015.82 1993.62 1962.1 1933.36 1921.93 1929.39 1947.03 1964.28 1991.89 2031.7 2078.38 2126.35 2173.26 2205.83 2240.66 2279.43 2319.66 2358.25 2399.35 2444.46 2489.47 2528.65 2562.26 2597.9 2650.29 2687.41 2714.26 2721.98 2712.61 2703.38 2705.63 2728.02 2751.6 2772.9 2790.36 2798.26 2797.19 2806.88 2827.23 2852.18 2873.08 2874.4 2840.23 2791.33 2746.85 2715.63
2490.53 2530.31 2569.47 2586.44 2563.38 2519 2472.85 2427.31 2386.64 2352.95 2326.91 2298.33 2265.55 2230.49 2191.7 2152.1 2118.66 2086.92 2056.72 2031.73 2013.71 1998 1977.27 1949.42 1924.55 1918 1929.69 1948.88 1969.23 1997.31 2039.42 2086.87 2130.94 2168.3 2200.51 2234.31 2273.56 2315.12 2357.29 2403.66 2451.96 2491.3 2526.24 2561.5 2601.72 2645.07 2679.58 2704.9 2711.68 2704.17 2698.94 2702.43 2720.88 2740.58 2760.59 2776.58 2778.91 2779.28 2791.6 2815.26 2843.28 2867.64 2876.46 2855.08 2808.39 2759.74 2723.06
2465.76 2497 2547.27 2582.59 2560.78 2520.09 2473.61 2424.4 2379.74 2342.73 2312.87 2281.49 2247.85 2213.79 2176.02 2136.24 2101.97 2072.4 2042.51 2016.36 1996.16 1979.87 1962.49 1937.84 1916.88 1913.68 1927.74 1948.06 1971.33 2004.37 2049.58 2097.34 2138.48 2173.24 2206.18 2239.22 2277.59 2319.17 2363.49 2411.76 2459.13 2496.59 2531.55 2570.33 2611.17 2648.49 2678.96 2699.96 2705.38 2699.58 2697.34 2701.4 2712.55 2728.31 2746.27 2761.01 2761.62 2765.08 2781.28 2808.19 2839.23 2865.15 2879.41 2865.72 2823.83 2776.04 2735.98
2441.69 2470.14 2529.21 2578 2556.91 2524.2 2478.08 2421.85 2372.98 2335.33 2299.29 2263.05 2228.16 2193.36 2155.66 2116.69 2080.77 2052.89 2022.37 1996.82 1977.22 1961.77 1949.69 1929.06 1910.52 1908.69 1923.89 1946.01 1971.39 2013.13 2063.56 2110.27 2151.64 2194 2228.01 2260.95 2298.42 2339.12 2381.29 2423.33 2467.37 2507.37 2549.64 2591.43 2627.94 2661.6 2685.92 2699.46 2701.48 2697.02 2696.16 2699.67 2702.27 2712.54 2730.29 2745.01 2746.21 2756.06 2775.36 2805.15 2839.19 2866.44 2883.7 2871.38 2836.67 2795.45 2756.01
2417 2441.68 2484.46 2519.28 2512.2 2521.54 2480.33 2425.69 2375.58 2332.99 2290.87 2252.79 2216.05 2176.98 2137.36 2099.18 2062.29 2031.38 2000.49 1975.84 1957.23 1944.36 1936.42 1918.24 1904.87 1906.8 1924.82 1949.78 1977.25 2025.06 2076.78 2124.09 2167.19 2209.42 2244.93 2280.36 2318.01 2358.57 2400.37 2437.62 2482.9 2525.16 2568.03 2608.59 2641.21 2665.7 2679.63 2689.32 2692.84 2692.63 2691.05 2690.52 2689.85 2699.08 2716.11 2732.18 2739.61 2755.12 2779.87 2812.33 2847.05 2876.65 2896.15 2889.22 2859.42 2820.5 2779.95
2391.37 2411.96 2431.29 2445.32 2455.02 2512.51 2478.59 2429.49 2380.41 2332.24 2284.94 2245.58 2206.11 2163.8 2122.08 2083.08 2046.01 2010.61 1979.32 1954.79 1937.91 1927.94 1923.11 1906.25 1898.43 1906.12 1927.4 1956.14 1985.79 2037.64 2089.02 2137.14 2181.35 2222.7 2259.09 2297.3 2337.6 2378.47 2419.51 2454.54 2501.4 2545.67 2586.41 2623.37 2652.02 2664.2 2666.78 2673.99 2681.42 2685.43 2682.73 2676.89 2677.35 2686.93 2703.84 2722.32 2738.42 2758.94 2787.93 2822.75 2858.53 2890.05 2910.85 2910.65 2885.51 2847.38 2804.49
2364.78 2379.59 2392.2 2400.78 2413.39 2480.58 2459.32 2415.79 2372.86 2330.84 2283.32 2241.37 2198.1 2154.35 2111.49 2071.47 2031.92 1994.91 1965.1 1941.51 1924.15 1911.32 1903.42 1891.92 1892.48 1906.41 1930.19 1959.62 1992.69 2046.95 2097.67 2145.02 2190.82 2236.12 2275.41 2314.28 2357.28 2402.33 2445.3 2483.34 2527.78 2568.85 2604.3 2631.76 2648.83 2647.31 2644.49 2654.02 2665.48 2669.77 2666.8 2660.99 2663.27 2676.13 2695.78 2719.39 2746.28 2772.01 2802.08 2836.48 2871.54 2902.43 2923.96 2929.14 2911.26 2872.99 2826.6
2339.43 2346.05 2353.65 2360.79 2372.63 2441.09 2426.55 2391.42 2355.57 2319.85 2275.18 2231.41 2187.51 2143.6 2101.42 2060.53 2017.33 1982.3 1954.53 1932.02 1913.03 1897.18 1886.94 1883.19 1892.73 1910.57 1934.13 1964.28 2001.03 2052.82 2103.08 2151.86 2199.62 2248.04 2287.26 2329.17 2376.75 2425.24 2469.59 2509.75 2552.49 2587.5 2612.32 2627.24 2632.11 2625.13 2622.13 2632.18 2643.4 2648.29 2646.16 2643.56 2651.05 2669.6 2693.4 2720.48 2755.09 2785.53 2816.96 2850.66 2885.45 2917.67 2942.47 2949.63 2933.62 2895.46 2848.6
