zagedan.asc
DSAA
248 117
4554392.48137608450000000 4573272.42736252300000000
5379494.14634304770000000 5388360.84162412770000000
1745.85 3165.82             
[rows 0 to 29 of 117, columns 134 to 200 of 248]
2230 2217.06 2205.99 2196.17 2188.83 2181.09 2173.33 2167.76 2164.2 2161.39 2159.55 2158.5 2161.32 2166.28 2171.69 2174.86 2179.09 2181.58 2178.19 2175.64 2176.35 2178.05 2182.76 2196.23 2214.47 2234 2251.33 2267.91 2285.53 2299.19 2319.64 2348.97 2387.46 2431.08 2443.68 2417.43 2378.47 2341.08 2309.8 2284.08 2266.02 2252.34 2248.43 2252.35 2259.35 2266.86 2309.42 2364.81 2412.3 2446.03 2472.51 2510.36 2529.45 2551.01 2577.69 2609.04 2648.22 2686.74 2720.13 2748.43 2770.16 2784.85 2798.65 2786.29 2781.9 2785.11 2795.1
2214.76 2204.68 2195.24 2185.29 2177.41 2167.96 2162.09 2158.53 2155.51 2151.05 2148.17 2144.87 2144.32 2146.56 2149.93 2151.51 2154.79 2155.67 2153.68 2153.1 2154.69 2158.09 2164.37 2182.83 2205.59 2228.87 2247.34 2262.3 2281.33 2301.27 2323.72 2355.88 2395.08 2430.94 2432.59 2404.18 2367.08 2331.23 2299.05 2271.72 2253.06 2240.19 2234.67 2236.2 2243.75 2257.18 2293.03 2337.99 2378.72 2408.73 2433.13 2477.36 2506.54 2537.33 2574.62 2617.69 2664.05 2704.39 2725.21 2733.45 2736.51 2740.04 2747.87 2741.15 2741.52 2749.48 2764.35
2204.51 2196.89 2189.47 2179.62 2170.79 2161.61 2156.39 2153.27 2149.55 2144.63 2139.32 2134.51 2131.8 2132.03 2133.39 2133.7 2135.04 2133.71 2131.75 2131.59 2134.13 2137.31 2145.38 2167.35 2193.37 2218.25 2237.57 2252.01 2274.18 2300.46 2325.89 2358.21 2394.62 2418.26 2413.51 2387.04 2353.81 2320.39 2288.28 2260.73 2240.29 2228.05 2222.27 2224.04 2234.24 2252.97 2279.99 2311.27 2344.31 2373.67 2401.65 2452.36 2495.23 2538.35 2584.96 2631.06 2672.07 2704.6 2712.57 2706.13 2699.18 2698.45 2705.83 2712.88 2721.22 2732.91 2749.07
2200.88 2193.78 2187.53 2178.49 2169.49 2161.99 2156.12 2150.76 2145.95 2140.24 2132.8 2127.64 2125.24 2123.63 2122.27 2120.72 2121.52 2119.04 2114.83 2113.04 2114.22 2116.36 2125.46 2148.14 2173.39 2197.67 2218.55 2238.1 2266.52 2295.32 2324.36 2353.39 2378.12 2387.91 2385.69 2366.06 2337.88 2307.47 2277.07 2249.02 2228.1 2217.37 2213.86 2218.85 2232.09 2252.17 2276.09 2301.04 2330.67 2364.52 2401.61 2454.18 2505.07 2555.6 2604.1 2642.4 2658.31 2666.16 2668.12 2667.59 2669.94 2677.61 2691.09 2704.42 2716.23 2729.6 2744.08
2204.34 2197.26 2191.23 2183.88 2176.47 2170.94 2163.51 2156.69 2149.38 2141.84 2133.89 2127.23 2122.74 2119.85 2115.62 2111.99 2111.92 2108.46 2102.12 2098.31 2096.78 2098.49 2107.76 2128.32 2152.25 2175.52 2197.4 2219.84 2249.94 2276.98 2303.77 2328.79 2347.37 2350.98 2354.28 2344.62 2323.44 2295.06 2264.53 2236.24 2216.67 2207.88 2207.25 2214.06 2229.45 2250.5 2274.15 2298.78 2330.69 2371.6 2416.55 2464.04 2520.02 2569.4 2606.01 2628.1 2630.75 2629.54 2635.43 2645.51 2656.84 2671.17 2690.88 2707.93 2720.65 2734.27 2748.25
2211.75 2205.38 2199.38 2193.19 2189.22 2184.29 2176.48 2167.22 2158.41 2148.91 2139.35 2130 2123.25 2117.81 2112.07 2105.77 2103.83 2099.31 2091.78 2085.31 2081.51 2083.03 2091.59 2108.64 2130.6 2154.21 2176.34 2199.2 2228.63 2250.08 2270.53 2291.31 2308.69 2313.54 2321.13 2322.44 2308.81 2282.83 2251.63 2223.22 2205.41 2199.99 2201.74 2209.71 2224.92 2248.15 2271.47 2298.21 2337.3 2386.87 2436.38 2474.05 2533.55 2576.26 2593.76 2596.08 2597.09 2601.54 2617.83 2636.94 2654.22 2672.31 2696.28 2716.57 2729.15 2741.99 2757.77
2226 2220.65 2216.19 2211.03 2207.18 2201.51 2194.39 2185.31 2174.84 2164.09 2153.32 2143.29 2136.1 2127.11 2117.98 2107.92 2100.95 2092.93 2083.48 2077.01 2072.83 2072.15 2077.45 2089.83 2108.11 2128.73 2149.87 2172.65 2199.06 2218.82 2235.67 2252.47 2268.01 2276.06 2284.83 2289.2 2280.76 2259.26 2231.85 2208.74 2196.11 2192.77 2196.47 2206.25 2222.88 2247.52 2272.22 2303.09 2347.85 2400.57 2444.28 2483.24 2532.15 2559.09 2567.48 2569.65 2578.22 2592.95 2614.38 2637.58 2658.39 2678.89 2701.97 2722.54 2737.66 2754.74 2775.08
2243.47 2239.2 2235.95 2231.8 2227.05 2221.13 2213.45 2204.54 2193.69 2182.71 2170.99 2160.89 2152.97 2141.68 2129.39 2116.85 2104.88 2092.76 2081.16 2072.55 2068.19 2065.49 2066.22 2073.63 2086.39 2102.86 2123.43 2145.48 2168.92 2189.77 2204.8 2218.49 2231.9 2241.18 2251.54 2256.28 2249.49 2232.63 2210.91 2193.95 2186.65 2186.22 2191.99 2203.78 2221.72 2247.39 2273.95 2308.72 2357.02 2407.7 2441.74 2481.75 2519.13 2537.37 2545.21 2554.76 2571.1 2593.65 2618.01 2642.72 2666.27 2687.62 2710.24 2730.71 2749.14 2770.57 2795.15
2262.22 2259.73 2257.51 2254.36 2249.46 2245.02 2235.01 2224.46 2214.25 2202.58 2191.35 2181.29 2171.7 2160.63 2147.78 2133.35 2117.34 2103.39 2087.64 2075.91 2067.68 2062.82 2060.98 2061.45 2068.08 2081.09 2099.91 2120.91 2142.97 2164.05 2180.87 2194.2 2205.77 2213.61 2226.29 2230.65 2221.16 2205.58 2191.44 2180.08 2176.42 2179.73 2189.11 2203.78 2220.9 2247.25 2275.67 2314.18 2360.86 2402.32 2425.46 2456.81 2490.64 2516.99 2537.42 2557.26 2578.36 2603.41 2628.49 2654.1 2678.34 2700.46 2723.87 2745.12 2767.01 2791.13 2816.83
2283.59 2280.78 2277.24 2274.22 2269.33 2263.79 2253.86 2243.68 2233.68 2222.57 2211.58 2202.27 2192.35 2181.44 2168.61 2152.32 2134.65 2118.2 2101.28 2085.99 2073.59 2064.37 2058.88 2054.63 2056.09 2065.17 2081.11 2101.64 2122.08 2143.69 2161.15 2173.84 2184.95 2193.08 2204.95 2205.51 2195.5 2183.58 2175.09 2170.21 2171.38 2178.76 2190.76 2206.28 2225.18 2251.98 2282.16 2320.29 2362.06 2396.51 2417.32 2447.85 2482.93 2514.69 2542.23 2567.63 2592.75 2619.9 2645.26 2671.05 2695.99 2719.73 2744.27 2767.84 2791.52 2816.26 2842.03
2306.33 2301.14 2295.58 2290.95 2285.98 2278.55 2269.45 2261.01 2251.87 2241.75 2231.56 2223.24 2214.12 2204 2190.49 2173.03 2155.08 2135.85 2117.23 2099.59 2083.33 2068.47 2058.82 2052.74 2048.79 2052.99 2066.48 2085.36 2103.84 2126.14 2143 2156.13 2167.3 2176.32 2184.42 2180.74 2171.84 2164.54 2161.74 2163.02 2170.72 2182.42 2195.29 2210.88 2232.38 2260.95 2293.07 2327.7 2363.02 2394.08 2418.74 2455.09 2492.74 2524.84 2553.26 2580.86 2609.73 2640.54 2665.8 2691.46 2717.9 2742.94 2768.52 2794.75 2819.11 2843.89 2869.66
2325.55 2318.1 2312.03 2306.99 2302.76 2294.23 2285.26 2277.21 2269.04 2260.66 2252.27 2245.74 2237.67 2227.08 2213.34 2194.94 2175.44 2154.78 2134.95 2115.38 2096.01 2077.57 2065.41 2055.3 2048.41 2048.53 2056.22 2071.29 2088.32 2111.4 2129.6 2142.35 2152.04 2159.65 2165.27 2161.28 2156.25 2153.88 2156.25 2164.13 2176.72 2191.1 2206.36 2223.63 2246.57 2274.31 2308.69 2343.5 2378.22 2411.57 2443.13 2482.48 2517.43 2547.47 2575.63 2604.92 2636.14 2668.01 2697.91 2725.76 2752.8 2778.75 2802.01 2826.94 2850.47 2873.8 2897.99
2345.3 2337.33 2330.49 2326.17 2321.41 2313.41 2302.97 2295.58 2288.39 2280.46 2273.96 2267.95 2261.58 2250.19 2234.9 2216.93 2196.37 2173.96 2152.32 2130.77 2109.95 2090.1 2073.81 2060.94 2051.27 2046.79 2048.41 2058.54 2074.19 2098.07 2118.16 2130.23 2137.32 2143.55 2147.97 2146.14 2145.83 2148.46 2155.83 2168.36 2184.33 2201.56 2219.1 2237.7 2260.28 2288.28 2324.62 2360.59 2396.32 2432.55 2470.75 2511.32 2544.07 2573.37 2602.81 2632.69 2664.99 2698.4 2731.76 2761.9 2789.94 2816.18 2838.14 2861.13 2882.83 2903.54 2924.27
2366.07 2361.2 2356.6 2351.06 2344.53 2335.87 2325.02 2318.55 2311.61 2303.69 2298.31 2290.89 2283.31 2270.9 2255.16 2237.35 2217.35 2193.15 2169.51 2147.43 2125.65 2104.81 2084.6 2070.98 2058.55 2048.53 2043.45 2047.69 2062.59 2085.19 2106.22 2118.95 2124.13 2128.53 2133.98 2137.09 2142.52 2150.24 2161.91 2174.97 2192.86 2211.6 2231.06 2249.4 2270.35 2300.35 2338.08 2375.77 2411.92 2449.39 2491.73 2534.33 2567.65 2599.73 2632.03 2663.01 2694.93 2729.93 2764.79 2796.17 2825.9 2853.11 2875.69 2895.13 2915.09 2932.44 2945.92
2393.34 2390.17 2386.97 2381.13 2372.68 2363.72 2352.85 2344.32 2334.25 2323.88 2316.3 2309.1 2299.68 2286.94 2271.19 2254.12 2233.63 2208.27 2184.17 2162.05 2140.1 2119.05 2096.63 2080.62 2065.25 2050.96 2042.02 2041.2 2051.26 2070.15 2089.55 2103.73 2111.61 2117.37 2124.74 2132.68 2143.31 2156.05 2169.73 2183.51 2203.23 2224.49 2246.02 2267.23 2288.22 2320.77 2357.69 2395.54 2433.12 2472.36 2515.65 2556.66 2589.18 2623.2 2656.38 2686.95 2719.28 2757.41 2793.68 2826.73 2859.1 2890.27 2911.72 2927.96 2941.21 2944.72 2937.58
2424.64 2422.57 2419.62 2413.78 2404.2 2394.41 2384.26 2371.44 2355.83 2341.55 2329.42 2322.85 2312.38 2298.82 2284.49 2268.46 2246.39 2220.7 2196.59 2175.21 2154.05 2131.61 2107.96 2089.1 2070.01 2053.92 2042.84 2037.29 2038.57 2052.93 2070.13 2085.89 2099.69 2109.36 2118.9 2130.08 2146.24 2163.37 2179.13 2192.59 2214 2238.83 2263.99 2289.15 2313.44 2347.63 2381.63 2417.6 2458.06 2501.58 2543.44 2579.49 2610.36 2644.58 2677.13 2705.38 2738.83 2781.28 2820.5 2854.97 2890.72 2928.03 2946.75 2959.05 2962.2 2943.56 2907.56
2457.43 2455.61 2451.9 2445.27 2436.97 2424.81 2411.66 2392.45 2372.32 2355.52 2342.31 2332.86 2320.51 2308.13 2294.27 2277.71 2256.71 2230.38 2209.15 2188.21 2166.52 2145.13 2119.94 2098.93 2077.45 2058.78 2044.19 2034.51 2030.7 2040.94 2056.65 2072.64 2089.15 2103.42 2118.12 2131.84 2148.59 2167.88 2187.1 2203.65 2227.17 2254.35 2284 2313.26 2341.55 2376.45 2409.79 2446 2487.2 2530.31 2570.88 2603.66 2637.25 2669.99 2698.61 2725.03 2757.25 2798.99 2838.61 2875.36 2913.54 2949.72 2967.31 2974.79 2959.71 2919.95 2870.56
2489.74 2487.86 2482.44 2474.76 2466.02 2451.76 2433.96 2409.4 2385.93 2367.81 2354.52 2341.34 2328.35 2316.31 2302.48 2285.74 2265.82 2240.89 2221.24 2200.42 2177.82 2156.7 2130.46 2107.52 2084.77 2064 2047.04 2034.24 2026.51 2032.75 2044.99 2061.34 2079.72 2099.38 2119.34 2134.71 2152.13 2172.55 2194.73 2215.88 2241.75 2270.22 2303.69 2336.97 2368.56 2404.58 2438.73 2476.6 2518.05 2560.14 2597.62 2628.02 2664.18 2696.92 2723.26 2747.75 2777.32 2816.27 2855.44 2894.71 2933.03 2966.47 2983.53 2985.35 2950.04 2894.43 2840.74
2523.54 2519.22 2511.01 2500.72 2486.32 2469.85 2449.5 2422.35 2396.67 2378.23 2364.18 2350.22 2335.67 2323.51 2310.43 2295.24 2275.63 2254.04 2232.63 2209.42 2185.69 2162.28 2136.39 2113.14 2090.19 2069.77 2052.5 2037.68 2028.31 2027.91 2034.37 2050.3 2074.08 2096.87 2120.87 2139.74 2158.44 2179.85 2203.38 2229.09 2257.33 2286.93 2322.61 2359.68 2393 2430.77 2466.72 2507.26 2552.57 2594.36 2624.82 2654.41 2689.08 2723.6 2752.71 2777.98 2801 2834.83 2875.98 2915.59 2951.01 2981.38 2999.95 2991.01 2937 2877.22 2832.52
2552.85 2543.26 2531.17 2517.07 2499.66 2480.37 2459.5 2431.97 2406.66 2389 2374.82 2360.09 2345.14 2331.45 2319.93 2305.97 2286.45 2265.57 2242.95 2217.62 2191.31 2166.41 2139.83 2117.27 2094.39 2074.15 2055.43 2038.66 2027.46 2022.59 2025.35 2040.18 2064.35 2090.42 2119.09 2142.77 2165.05 2189.17 2217.44 2250.28 2280.48 2310.4 2345.03 2381.21 2413.89 2449.11 2482.22 2531.92 2583.76 2623.44 2648.46 2676.7 2709.4 2743.41 2774.5 2800.99 2826.78 2861.65 2904.23 2941.22 2972.73 2999.94 3014.47 2993 2936.88 2882.16 2842.74
2576.97 2562.31 2544.62 2526.44 2508.46 2487.08 2466.09 2440.08 2416.56 2399.95 2385.08 2371.63 2355.27 2341.11 2329.91 2317.66 2298.28 2275.91 2252.98 2226.54 2197.39 2169.1 2142.78 2121.92 2099.2 2076.77 2055.28 2036.43 2023.23 2016.02 2018.02 2029.72 2050.47 2081.17 2115.62 2143.67 2170.69 2201.59 2236.69 2277.38 2308.02 2339.99 2371.77 2402.93 2432.65 2461.25 2488.53 2552.17 2612.93 2648.16 2668.67 2696.83 2726.54 2758.47 2788.93 2818.25 2853.06 2894.59 2937.61 2971.82 2998.8 3021.36 3027.42 2992.09 2946.99 2902.88 2862.9
2588.13 2570.73 2550.29 2529.71 2510.07 2490.54 2470.43 2448.63 2429.54 2414.91 2402.25 2388.55 2372.55 2358.43 2345.73 2331.46 2311.92 2287.71 2261.64 2234.76 2205.81 2177.59 2153.66 2129.7 2105.91 2082.15 2058.55 2037.68 2022.48 2013.27 2013.61 2023.02 2041.39 2073.56 2109.24 2142.4 2175.92 2214.65 2259.72 2307.26 2338.53 2366 2392.94 2421.08 2449.24 2474.94 2506.41 2566.74 2619.79 2649.24 2671.12 2706.03 2737.57 2768.61 2799.42 2832.23 2868.74 2916.37 2959.66 2993.23 3021.35 3039.3 3027.96 2992.34 2958.9 2924.02 2888.89
2596.4 2576.84 2555.17 2533.4 2512.58 2494.28 2476.72 2459.78 2444.93 2432.43 2421.19 2406.64 2391.51 2376.7 2362.09 2344.15 2322.82 2296.64 2267.48 2240.33 2213.04 2185.15 2163.98 2136.47 2112.13 2087.44 2062.67 2039.88 2022.69 2011.47 2009.81 2017.22 2035.04 2066.62 2102.23 2139.99 2179.58 2226.1 2280.37 2333.61 2368.36 2392.25 2414.24 2438.58 2465.4 2490.64 2528.27 2580.96 2622.29 2646.46 2671.16 2711.57 2744.28 2775.22 2808.22 2843.45 2879.48 2930.8 2974.65 3010.24 3040.58 3057.96 3037.56 3000.72 2971.98 2939.96 2906.84
2605.34 2584.53 2563.41 2541.49 2521.25 2503.93 2489.26 2475.67 2463.25 2450.49 2439.39 2425.44 2409.02 2391.66 2373.5 2351.58 2325.1 2296.66 2265.34 2239.5 2214.18 2186.46 2163.57 2136.7 2113.91 2091.42 2066.7 2042.82 2023.71 2010.49 2006.11 2012.16 2029.85 2061.25 2095.41 2133.8 2176.65 2229.93 2292.27 2351.6 2394.85 2419.2 2438.16 2457.87 2481.77 2510.89 2553.83 2596.52 2627.9 2650.08 2674.62 2711.64 2744.46 2777.6 2812.83 2850.08 2886.95 2936.26 2981.77 3021.63 3056.44 3080.65 3079.21 3027.54 2988.9 2944.33 2898.92
2607.18 2584.47 2563.43 2543.85 2525.45 2509.18 2494.32 2481.24 2469.96 2457.1 2443.71 2426.73 2407.47 2384.1 2360.27 2334.99 2304.98 2277.42 2248.85 2225.09 2203.26 2180.32 2161.07 2137.07 2115.62 2093.74 2069.81 2046.57 2027.19 2011.42 2004.78 2008.25 2024.93 2055.52 2090.7 2132.13 2178.73 2236.47 2302.81 2362.88 2414.21 2448.26 2469.4 2484.19 2501.89 2529.73 2574.1 2612.85 2641.42 2662.55 2686.11 2719.26 2750.2 2783.6 2819.23 2855.47 2892.3 2941.7 2986.32 3027.46 3063.34 3084.33 3078.39 3021.79 2977.38 2928.51 2880.12
2603.25 2576.92 2557.26 2541.38 2525.08 2509.86 2492.57 2477.8 2465.83 2453.7 2435.26 2412.67 2388.71 2357.75 2327.03 2299.22 2267.03 2242.65 2220.3 2199.65 2182.47 2169.9 2157.65 2138.46 2118.34 2095.08 2071.16 2051.05 2033.49 2015.18 2004.25 2005.29 2020.12 2048.9 2087.1 2134.66 2186.25 2245.93 2312.94 2369.33 2428.74 2480.22 2507.6 2517.03 2525.63 2547.65 2588.65 2630.02 2661.03 2682.32 2703.6 2732.95 2762.3 2793.43 2826.61 2859.4 2894.98 2947.16 2990.65 3030.25 3062.48 3072.18 3036.43 2984.43 2941.34 2898.24 2857.83
2585.19 2556.56 2530.9 2508.41 2485.14 2466.62 2453.27 2442.25 2431.11 2418.42 2401.98 2379.27 2353.69 2323.54 2292.46 2265.79 2239.41 2218.44 2199.78 2184.44 2173.79 2167.52 2160.72 2143.58 2122.31 2100.05 2078.48 2059.27 2044.31 2025.06 2010.97 2007.68 2018.06 2043.84 2082.37 2136.22 2189.43 2252.26 2324 2373 2415.69 2493.15 2540.41 2548.93 2551.2 2565.71 2599.39 2635.61 2667.83 2695.75 2722.52 2751.29 2782.35 2814.06 2846.81 2880.29 2917.24 2963.36 3001.92 3036.39 3058.09 3050.79 3002.18 2955.89 2917.1 2880.65 2847.76
2563.35 2532.8 2501.78 2470.47 2440.52 2419.41 2409.27 2401.63 2390.86 2378.01 2365.3 2346.08 2322.09 2294.83 2267.18 2242.62 2221.5 2203.73 2188.07 2176.98 2170.85 2168.79 2166.17 2151.07 2128.88 2106.85 2088.02 2069.1 2055.37 2036.1 2018.57 2009.67 2016.42 2039.89 2078.19 2133.88 2182.26 2245.05 2327.93 2384.07 2408.66 2496.84 2556.5 2570.38 2576.55 2588.9 2614.54 2643.51 2675.07 2707.95 2738.73 2769.29 2803.12 2837.52 2872.06 2907.48 2946.43 2983.75 3016.38 3044.33 3052.66 3028.45 2974.69 2934.6 2899.8 2869.7 2844.47
2541.28 2510.42 2477.75 2444.83 2415.34 2395.47 2382.03 2369.28 2355.88 2345.19 2339.45 2329.81 2312.17 2288.13 2264.4 2244.27 2222.8 2205.47 2192.61 2183.17 2177.83 2175.74 2174.51 2162.11 2140.77 2117.31 2096.58 2080.43 2064.97 2044.73 2023.53 2010.32 2013.2 2037.39 2075.1 2118.48 2146.74 2202.73 2310.36 2419.15 2438.71 2485.27 2529.95 2564.84 2602.41 2627.28 2645 2665.77 2694.12 2724.6 2750.57 2783.49 2821.82 2860.85 2899.19 2938.25 2980.84 3008.76 3036.7 3052.72 3044.23 3009.12 2958.25 2920.94 2891.06 2867.69 2849.61
2518.45 2488.35 2456.33 2426.56 2400.7 2383.7 2366.48 2350.77 2338.24 2331.19 2330.87 2325.73 2311.08 2290.79 2270.29 2252.74 2231.89 2215.36 2203.05 2194.57 2187.81 2183.91 2182.68 2172.28 2152.79 2129.18 2105.71 2088.43 2067.95 2044.04 2021.85 2007.92 2011.56 2036.9 2073.12 2109.25 2136.47 2192.23 2298.3 2423.68 2453.1 2478.06 2512.82 2564.97 2630.43 2663.13 2676.94 2693.64 2717.45 2744.55 2767.6 2799.3 2838.24 2878.17 2917.94 2958.53 3001.26 3026.67 3050.93 3055.82 3035.05 2998.12 2956.55 2923.3 2898.17 2880.8 2867.53
